Dimensions       = 6 -4.4000001 4.9000001 -0.200000003 0.200000003 -0 0.400000006
TextureSets      = 1
Switches         = 0
Dofs             = 0
AddLOD           = Model_0.bml 30
AddLOD           = Model_1.bml 3000
